2.0 0.0
2.02 0.2
2.1 0.0
2.12 0.2
2.12 0.2
2.1366666666666667 0.0
2.2 0.0
2.22 0.2
2.22 0.2
2.236666666666667 0.0
2.3000000000000003 0.0
2.3200000000000003 0.2
2.3200000000000003 0.2
2.336666666666667 0.0
2.4000000000000004 0.0
2.4200000000000004 0.2
2.4200000000000004 0.2
2.436666666666667 0.0
2.5000000000000004 0.0
2.5200000000000005 0.2
2.5200000000000005 0.2
2.536666666666667 0.0
2.6000000000000005 0.0
2.6200000000000006 0.2
2.6200000000000006 0.2
2.636666666666667 0.0
2.7000000000000006 0.0
2.7200000000000006 0.2
2.7200000000000006 0.2
2.7366666666666672 0.0
2.8000000000000007 0.0
2.8200000000000007 0.2
2.8200000000000007 0.2
2.8366666666666673 0.0
2.900000000000001 0.0
2.920000000000001 0.2
2.920000000000001 0.2
2.9366666666666674 0.0
3.0 0.0
3.000000000000001 0.2
3.02 0.4
3.020000000000001 0.2
3.020000000000001 0.2
3.0366666666666675 0.0
3.100000000000001 0.0
3.120000000000001 0.2
3.1666666666666665 0.0
3.1866666666666665 0.2
3.200000000000001 0.0
3.22 0.2
3.220000000000001 0.2
3.220000000000001 0.0
3.236666666666667 0.0
3.2366666666666677 0.0
3.300000000000001 0.0
3.320000000000001 0.2
3.333333333333333 0.0
3.353333333333333 0.2
3.4000000000000012 0.0
3.420000000000001 0.2
3.4200000000000013 0.2
3.4366666666666674 0.0
3.4999999999999996 0.0
3.5000000000000013 0.2
3.5199999999999996 0.4
3.5200000000000014 0.2
3.5866666666666664 0.0
3.6000000000000014 0.0
3.603333333333333 0.2
3.620000000000001 0.2
3.6200000000000014 0.2
3.6366666666666676 0.0
3.666666666666666 0.0
3.686666666666666 0.2
3.7000000000000015 0.0
3.720000000000001 0.2
3.7200000000000015 0.2
3.7366666666666677 0.0
3.8000000000000016 0.0
3.8200000000000016 0.2
3.8333333333333326 0.0
3.8533333333333326 0.2
3.853333333333333 0.0
3.8699999999999997 0.0
3.9000000000000017 0.0
3.9200000000000013 0.2
3.9200000000000017 0.2
3.936666666666668 0.0
3.999999999999999 0.0
4.0 0.2
4.000000000000002 0.4
4.019999999999999 0.6
4.02 0.4
4.020000000000001 0.2
4.100000000000001 0.0
4.119999999999999 0.2
4.120000000000001 0.2
4.125 0.0
4.136666666666666 0.2
4.145 0.2
4.166666666666666 0.0
4.186666666666666 0.2
4.200000000000001 0.0
4.220000000000001 0.2
4.2200000000000015 0.0
4.2200000000000015 0.0
4.236666666666668 0.0
4.236666666666668 0.0
4.25 0.0
4.27 0.2
4.300000000000001 0.0
4.32 0.2
4.333333333333333 0.0
4.353333333333333 0.2
4.375 0.0
4.386666666666666 0.2
4.395 0.2
4.4 0.0
4.403333333333332 0.2
4.42 0.2
4.420000000000002 0.0
4.436666666666668 0.0
4.5 0.0
4.5 0.2
4.5 0.4
4.52 0.6
4.52 0.4
4.52 0.2
4.6 0.0
4.619999999999999 0.2
4.620000000000002 0.0
4.625 0.0
4.6366666666666685 0.2
4.645 0.2
4.666666666666667 0.0
4.6866666666666665 0.2
4.699999999999999 0.0
4.719999999999999 0.2
4.7200000000000015 0.0
4.736666666666668 0.0
4.75 0.0
4.753333333333333 0.2
4.77 0.2
4.77 0.0
4.799999999999999 0.0
4.8199999999999985 0.2
4.833333333333334 0.0
4.8533333333333335 0.2
4.875 0.0
4.895 0.2
4.899999999999999 0.0
4.919999999999998 0.2
4.919999999999999 0.0
4.936666666666666 0.0
4.999999999999998 0.0
5.0 0.2
5.0 0.4
5.000000000000001 2.0
5.019999999999998 2.2
5.02 2.0
5.02 2.0
5.02 1.8
5.0200000000000005 1.6
5.036666666666666 1.4
5.04 1.4
5.06 1.2
5.08 1.0
5.099999999999998 0.8
5.1 1.0
5.119999999999997 0.8
5.12 0.6
5.120000000000001 0.4
5.125 0.4
5.136666666666668 0.6
5.14 0.6
5.145 0.4
5.16 0.2
5.166666666666668 0.0
5.186666666666667 0.2
5.1999999999999975 0.0
5.219999999999997 0.2
5.220000000000001 0.0
5.236666666666667 0.0
5.25 0.0
5.27 0.2
5.299999999999997 0.0
5.319999999999997 0.2
5.333333333333335 0.0
5.345 0.2
5.353333333333334 0.2
5.361666666666666 0.0
5.375 0.0
5.395 0.2
5.399999999999997 0.0
5.419999999999996 0.2
5.4866666666666655 0.0
5.4999999999999964 0.0
5.5 0.2
5.500000000000002 0.4
5.503333333333332 0.6
5.519999999999996 0.6
5.52 0.4
5.520000000000001 0.2
5.569999999999999 0.0
5.586666666666666 0.0
5.599999999999996 0.0
5.619999999999996 0.2
5.620000000000001 0.0
5.625 0.0
5.636666666666668 0.2
5.645 0.2
5.666666666666669 0.0
5.686666666666668 0.2
5.699999999999996 0.0
5.719999999999995 0.2
5.720000000000001 0.0
5.736666666666667 0.0
5.75 0.0
5.77 0.2
5.799999999999995 0.0
5.819999999999995 0.2
5.833333333333336 0.0
5.853333333333333 0.2
5.853333333333335 0.2
5.869999999999999 0.0
5.875 0.0
5.895 0.2
5.895 0.2
5.899999999999995 0.0
5.911666666666666 0.2
5.919999999999995 0.2
5.999999999999995 0.0
6.0 0.2
6.000000000000003 0.4
6.019999999999994 0.6
6.02 0.4
6.02 0.2
6.020000000000002 0.2
6.036666666666666 0.0
6.099999999999994 0.0
6.119999999999994 0.2
6.125 0.0
6.145 0.2
6.145 0.2
6.161666666666666 0.0
6.16666666666667 0.0
6.17 0.2
6.1866666666666665 0.2
6.186666666666669 0.2
6.199999999999994 0.0
6.2199999999999935 0.2
6.25 0.0
6.27 0.2
6.299999999999994 0.0
6.319999999999993 0.2
6.3199999999999985 0.0
6.333333333333337 0.0
6.336666666666665 0.2
6.353333333333336 0.2
6.375 0.0
6.395 0.2
6.399999999999993 0.0
6.419999999999993 0.2
6.499999999999993 0.0
6.5 0.2
6.5000000000000036 0.4
6.5199999999999925 0.6
6.519999999999998 0.4
6.52 0.4
6.52 0.2
6.520000000000003 0.2
6.536666666666664 0.0
6.536666666666666 0.0
6.5999999999999925 0.0
6.619999999999992 0.2
6.625 0.0
6.64 0.2
6.645 0.2
6.656666666666666 0.0
6.6666666666666705 0.0
6.68666666666667 0.2
6.699999999999992 0.0
6.719999999999992 0.2
6.75 0.0
6.77 0.2
6.77 0.2
6.786666666666666 0.0
6.799999999999992 0.0
6.819999999999991 0.2
6.8333333333333375 0.0
6.853333333333334 0.2
6.853333333333337 0.2
6.870000000000001 0.0
6.875 0.0
6.895 0.2
6.8999999999999915 0.0
6.919999999999991 0.2
6.999999999999991 0.0
7.0 0.2
7.0 2.2
7.000000000000004 2.4
7.019999999999991 2.6
7.019999999999996 2.4
7.02 2.4
7.02 2.2
7.020000000000004 2.0
7.036666666666663 1.8
7.04 1.8
7.06 1.6
7.08 1.4
7.099999999999991 1.2
7.1 1.4
7.11999999999999 1.2
7.119999999999996 1.0
7.12 1.0
7.125 0.8
7.136666666666662 1.0
7.14 1.0
7.145 0.8
7.145 0.8
7.16 0.6
7.161666666666666 0.4
7.166666666666671 0.4
7.18 0.6
7.186666666666671 0.4
7.19999999999999 0.2
7.2 0.4
7.21999999999999 0.2
7.25 0.0
7.27 0.2
7.27 0.2
7.286666666666666 0.0
7.29999999999999 0.0
7.31999999999999 0.2
7.333333333333338 0.0
7.353333333333335 0.2
7.353333333333338 0.2
7.370000000000002 0.0
7.375 0.0
7.395 0.2
7.395 0.2
7.39999999999999 0.0
7.411666666666666 0.2
7.419999999999989 0.2
7.499999999999989 0.0
7.5 0.2
7.500000000000005 0.4
7.519999999999989 0.6
7.52 0.4
7.520000000000002 0.2
7.520000000000005 0.2
7.536666666666669 0.0
7.599999999999989 0.0
7.619999999999989 0.2
7.625 0.0
7.645 0.2
7.645 0.2
7.661666666666666 0.0
7.666666666666672 0.0
7.686666666666669 0.2
7.686666666666672 0.2
7.699999999999989 0.0
7.703333333333336 0.2
7.719999999999988 0.2
7.75 0.0
7.77 0.2
7.799999999999988 0.0
7.819999999999988 0.2
7.833333333333339 0.0
7.853333333333336 0.2
7.853333333333339 0.2
7.870000000000003 0.0
7.875 0.0
7.895 0.2
7.899999999999988 0.0
7.9199999999999875 0.2
7.999999999999988 0.0
8.0 0.2
8.000000000000005 0.4
8.019999999999987 0.6
8.02 0.4
8.02 0.2
8.020000000000003 0.2
8.020000000000005 0.2
8.036666666666667 0.0
8.03666666666667 0.0
8.099999999999987 0.0
8.119999999999987 0.2
8.125 0.0
8.145 0.2
8.145 0.2
8.161666666666667 0.0
8.166666666666671 0.0
8.186666666666671 0.2
8.199999999999987 0.0
8.219999999999986 0.2
8.25 0.0
8.27 0.2
8.27 0.2
8.286666666666667 0.0
8.299999999999986 0.0
8.319999999999986 0.2
8.333333333333337 0.0
8.353333333333337 0.2
8.353333333333337 0.2
8.370000000000005 0.0
8.375 0.0
8.395 0.2
8.399999999999986 0.0
8.419999999999986 0.2
8.499999999999986 0.0
8.5 0.2
8.500000000000004 0.4
8.519999999999985 0.6
8.52 0.4
8.52 0.4
8.520000000000003 0.2
8.536666666666667 0.0
8.599999999999985 0.0
8.619999999999985 0.2
8.620000000000001 0.0
8.625 0.0
8.636666666666668 0.2
8.645 0.2
8.645 0.0
8.661666666666667 0.0
8.66666666666667 0.0
8.68666666666667 0.2
8.699999999999985 0.0
8.719999999999985 0.2
8.75 0.0
8.77 0.2
8.77 0.2
8.786666666666667 0.0
8.799999999999985 0.0
8.819999999999984 0.2
8.833333333333336 0.0
8.853333333333335 0.2
8.853333333333339 0.0
8.870000000000006 0.0
8.875 0.0
8.895 0.2
8.895 0.2
8.899999999999984 0.0
8.911666666666667 0.2
8.919999999999984 0.2
8.999999999999984 0.0
9.0 0.2
9.000000000000002 0.4
9.019999999999984 0.6
9.02 0.4
9.020000000000001 0.2
9.020000000000005 0.0
9.036666666666672 0.0
9.099999999999984 0.0
9.119999999999983 0.2
9.125 0.0
9.145 0.2
9.145 0.2
9.161666666666667 0.0
9.166666666666668 0.0
9.186666666666667 0.2
9.186666666666671 0.0
9.199999999999983 0.0
9.203333333333338 0.2
9.219999999999983 0.2
9.25 0.0
9.27 0.2
9.299999999999983 0.0
9.319999999999983 0.2
9.333333333333334 0.0
9.353333333333333 0.2
9.353333333333339 0.0
9.370000000000006 0.0
9.375 0.0
9.395 0.2
9.399999999999983 0.0
9.419999999999982 0.2
9.420000000000005 0.0
9.436666666666673 0.0
9.499999999999982 0.0
9.5 0.2
9.5 0.4
9.519999999999982 0.6
9.52 0.4
9.52 0.2
9.599999999999982 0.0
9.619999999999981 0.2
9.619999999999987 0.0
9.625 0.0
9.636666666666654 0.2
9.645 0.2
9.645 0.0
9.661666666666667 0.0
9.666666666666666 0.0
9.686666666666666 0.2
9.699999999999982 0.0
9.719999999999981 0.2
9.75 0.0
9.77 0.2
9.77 0.2
9.786666666666667 0.0
9.799999999999981 0.0
9.81999999999998 0.2
9.833333333333332 0.0
9.853333333333332 0.2
9.853333333333337 0.0
9.870000000000005 0.0
9.875 0.0
9.895 0.2
9.89999999999998 0.0
9.91999999999998 0.2
9.99999999999998 0.0
9.999999999999998 0.2
10.0 0.4
10.0 0.6
10.01999999999998 2.2
10.019999999999998 2.0
10.02 1.8
10.02 1.8
10.02 1.6
10.036666666666667 1.4
10.04 1.4
10.06 1.2
10.08 1.0
10.09999999999998 0.8
10.1 1.0
10.11999999999998 0.8
10.12 0.6
10.125 0.4
10.14 0.6
10.145 0.4
10.145 0.2
10.16 0.2
10.161666666666667 0.0
10.166666666666664 0.0
10.186666666666664 0.2
10.18666666666667 0.0
10.19999999999998 0.0
10.203333333333337 0.2
10.21999999999998 0.2
10.25 0.0
10.27 0.2
10.27 0.2
10.286666666666667 0.0
10.295 0.0
10.29999999999998 0.0
10.311666666666667 0.2
10.319999999999979 0.2
10.33333333333333 0.0
10.35333333333333 0.2
10.375 0.0
10.395 0.2
10.399999999999979 0.0
10.419999999999979 0.2
10.419999999999984 0.0
10.436666666666651 0.0
10.499999999999979 0.0
10.499999999999996 0.2
10.5 0.4
10.519999999999978 0.6
10.519999999999996 0.4
10.52 0.2
10.599999999999978 0.0
10.619999999999978 0.2
10.619999999999983 0.0
10.625 0.0
10.63666666666665 0.2
10.645 0.2
10.645 0.2
10.661666666666667 0.0
10.666666666666663 0.0
10.686666666666662 0.2
10.699999999999978 0.0
10.719999999999978 0.2
10.719999999999983 0.0
10.73666666666665 0.0
10.75 0.0
10.77 0.2
10.799999999999978 0.0
10.819999999999977 0.2
10.833333333333329 0.0
10.853333333333328 0.2
10.875 0.0
10.895 0.2
10.895 0.2
10.899999999999977 0.0
10.911666666666667 0.2
10.919999999999977 0.2
10.999999999999977 0.0
10.999999999999995 0.2
11.0 0.4
11.019999999999976 0.6
11.019999999999982 0.4
11.019999999999994 0.4
11.02 0.2
11.03666666666665 0.0
11.099999999999977 0.0
11.119999999999976 0.2
11.125 0.0
11.145 0.2
11.145 0.2
11.161666666666667 0.0
11.16666666666666 0.0
11.18666666666666 0.2
11.186666666666666 0.0
11.199999999999976 0.0
11.203333333333333 0.2
11.219999999999976 0.2
11.25 0.0
11.27 0.2
11.27 0.2
11.286666666666667 0.0
11.299999999999976 0.0
11.319999999999975 0.2
11.333333333333327 0.0
11.353333333333326 0.2
11.375 0.0
11.395 0.2
11.395 0.2
11.399999999999975 0.0
11.411666666666667 0.2
11.419999999999975 0.2
11.499999999999975 0.0
11.499999999999993 0.2
11.5 0.4
11.519999999999975 0.6
11.519999999999992 0.4
11.52 0.2
11.52 0.0
11.536666666666667 0.0
11.599999999999975 0.0
11.619999999999974 0.2
11.625 0.0
11.645 0.2
11.66 0.0
11.666666666666659 0.0
11.676666666666668 0.2
11.686666666666659 0.2
11.699999999999974 0.0
11.719999999999974 0.2
11.71999999999998 0.0
11.736666666666647 0.0
11.75 0.0
11.77 0.2
11.77 0.2
11.786666666666667 0.0
11.799999999999974 0.0
11.819999999999974 0.2
11.819999999999979 0.0
11.833333333333325 0.0
11.836666666666646 0.2
11.853333333333325 0.2
11.875 0.0
11.895 0.2
11.899999999999974 0.0
11.919999999999973 0.2
11.999999999999973 0.0
11.999999999999991 0.2
12.0 0.4
12.019999999999973 0.6
12.019999999999978 0.4
12.01999999999999 0.4
12.02 0.2
12.036666666666646 0.0
12.045 0.0
12.061666666666667 0.0
12.099999999999973 0.0
12.119999999999973 0.2
12.125 0.0
12.145 0.2
12.166666666666657 0.0
12.186666666666657 0.2
12.186666666666662 0.0
12.199999999999973 0.0
12.20333333333333 0.2
12.219999999999972 0.2
12.25 0.0
12.27 0.2
12.27 0.2
12.286666666666667 0.0
12.299999999999972 0.0
12.319999999999972 0.2
12.333333333333323 0.0
12.353333333333323 0.2
12.375 0.0
12.395 0.2
12.395 0.2
12.399999999999972 0.0
12.411666666666667 0.2
12.419999999999972 0.2
12.499999999999972 0.0
12.49999999999999 0.2
12.5 0.4
12.519999999999971 0.6
12.519999999999989 0.4
12.519999999999994 0.2
12.52 0.2
12.536666666666662 0.0
12.599999999999971 0.0
12.61999999999997 0.2
12.625 0.0
12.645 0.2
12.645 0.2
12.661666666666667 0.0
12.666666666666655 0.0
12.686666666666655 0.2
12.69999999999997 0.0
12.71999999999997 0.2
12.719999999999976 0.0
12.736666666666643 0.0
12.75 0.0
12.77 0.2
12.77 0.2
12.786666666666667 0.0
12.79999999999997 0.0
12.81999999999997 0.2
12.833333333333321 0.0
12.853333333333321 0.2
12.875 0.0
12.895 0.2
12.895 0.2
12.89999999999997 0.0
12.911666666666667 0.2
12.91999999999997 0.2
12.99999999999997 0.0
12.999999999999988 0.2
13.0 0.4
13.01999999999997 0.6
13.019999999999987 0.4
13.02 0.2
13.09999999999997 0.0
13.119999999999969 0.2
13.119999999999974 0.0
13.125 0.0
13.136666666666642 0.2
13.145 0.2
13.166666666666654 0.0
13.17 0.2
13.186666666666653 0.2
13.186666666666659 0.0
13.186666666666667 0.0
13.199999999999969 0.0
13.203333333333326 0.2
13.219999999999969 0.2
13.25 0.0
13.27 0.2
13.299999999999969 0.0
13.319999999999968 0.2
13.319999999999974 0.0
13.33333333333332 0.0
13.336666666666641 0.2
13.35333333333332 0.2
13.353333333333325 0.0
13.369999999999992 0.0
13.375 0.0
13.395 0.2
13.399999999999968 0.0
13.419999999999968 0.2
13.499999999999968 0.0
13.499999999999986 0.2
13.5 0.4
13.519999999999968 0.6
13.519999999999985 0.4
13.51999999999999 0.2
13.52 0.2
13.536666666666658 0.0
13.599999999999968 0.0
13.619999999999967 0.2
13.619999999999973 0.0
13.625 0.0
13.63666666666664 0.2
13.645 0.2
13.666666666666652 0.0
13.686666666666651 0.2
13.699999999999967 0.0
13.719999999999967 0.2
13.719999999999972 0.0
13.73666666666664 0.0
13.75 0.0
13.77 0.2
13.77 0.2
13.786666666666667 0.0
13.799999999999967 0.0
13.819999999999967 0.2
13.833333333333318 0.0
13.853333333333318 0.2
13.875 0.0
13.895 0.2
13.895 0.2
13.899999999999967 0.0
13.911666666666667 0.2
13.919999999999966 0.2
13.999999999999966 0.0
13.999999999999984 0.2
14.0 0.4
14.019999999999966 0.6
14.019999999999984 0.4
14.02 0.2
14.02 0.2
14.036666666666667 0.0
14.099999999999966 0.0
14.119999999999965 0.2
14.125 0.0
14.145 0.2
14.145 0.2
14.161666666666667 0.0
14.16666666666665 0.0
14.17 0.2
14.18666666666665 0.2
14.186666666666667 0.0
14.199999999999966 0.0
14.219999999999965 0.2
14.25 0.0
14.27 0.2
14.299999999999965 0.0
14.319999999999965 0.2
14.31999999999997 0.0
14.333333333333316 0.0
14.336666666666638 0.2
14.353333333333316 0.2
14.375 0.0
14.395 0.2
14.395 0.2
14.399999999999965 0.0
14.411666666666667 0.2
14.419999999999964 0.2
14.499999999999964 0.0
14.499999999999982 0.2
14.5 0.4
14.519999999999964 0.6
14.519999999999982 0.4
14.52 0.2
14.599999999999964 0.0
14.619999999999964 0.2
14.625 0.0
14.645 0.2
14.645 0.2
14.661666666666667 0.0
14.666666666666648 0.0
14.686666666666648 0.2
14.686666666666653 0.0
14.699999999999964 0.0
14.70333333333332 0.2
14.719999999999963 0.2
14.719999999999969 0.0
14.736666666666636 0.0
14.75 0.0
14.77 0.2
14.799999999999963 0.0
14.819999999999963 0.2
14.833333333333314 0.0
14.853333333333314 0.2
14.85333333333332 0.0
14.869999999999987 0.0
14.875 0.0
14.895 0.2
14.895 0.2
14.899999999999963 0.0
14.911666666666667 0.2
14.919999999999963 0.2
14.999999999999963 0.0
14.99999999999998 0.2
15.0 0.4
15.0 2.4
15.0 4.0
15.019999999999962 4.2
15.01999999999998 4.0
15.02 3.8
15.02 3.6
15.02 3.4
15.02 3.2
15.036666666666667 3.2
15.04 3.2
15.04 3.0
15.06 2.8
15.06 2.6
15.08 2.4
15.08 2.2
15.099999999999962 2.0
15.1 2.2
15.1 2.0
15.119999999999962 1.8
15.12 1.6
15.12 1.4
15.125 1.2
15.14 1.4
15.14 1.2
15.145 1.0
15.145 1.0
15.16 0.8
15.16 0.6
15.161666666666667 0.4
15.166666666666647 0.4
15.17 0.6
15.18 0.6
15.186666666666646 0.4
15.186666666666667 0.2
15.199999999999962 0.2
15.2 0.4
15.219999999999962 0.2
15.25 0.0
15.27 0.2
15.299999999999962 0.0
15.319999999999961 0.2
15.319999999999967 0.0
15.333333333333313 0.0
15.336666666666634 0.2
15.353333333333312 0.2
15.375 0.0
15.395 0.2
15.395 0.2
15.399999999999961 0.0
15.411666666666667 0.2
15.41999999999996 0.2
15.499999999999961 0.0
15.499999999999979 0.2
15.5 0.4
15.51999999999996 0.6
15.519999999999978 0.4
15.52 0.2
15.52 0.0
15.536666666666667 0.0
15.59999999999996 0.0
15.61999999999996 0.2
15.625 0.0
15.645 0.2
15.645 0.2
15.661666666666667 0.0
15.666666666666645 0.0
15.686666666666644 0.2
15.68666666666665 0.0
15.69999999999996 0.0
15.703333333333317 0.2
15.71999999999996 0.2
15.75 0.0
15.77 0.2
15.79999999999996 0.0
15.81999999999996 0.2
15.83333333333331 0.0
15.85333333333331 0.2
15.853333333333316 0.0
15.869999999999983 0.0
15.875 0.0
15.895 0.2
15.895 0.2
15.89999999999996 0.0
15.911666666666667 0.2
15.919999999999959 0.2
15.99999999999996 0.0
15.999999999999977 0.2
16.0 0.4
16.01999999999996 0.6
16.01999999999998 0.4
16.02 0.2
16.09999999999996 0.0
16.11999999999996 0.2
16.125 0.0
16.145 0.2
16.145 0.2
16.161666666666665 0.0
16.166666666666643 0.0
16.186666666666643 0.2
16.19999999999996 0.0
16.21999999999996 0.2
16.219999999999963 0.0
16.23666666666663 0.0
16.25 0.0
16.27 0.2
16.27 0.2
16.286666666666665 0.0
16.294999999999998 0.0
16.29999999999996 0.0
16.311666666666664 0.2
16.31999999999996 0.2
16.33333333333331 0.0
16.35333333333331 0.2
16.375 0.0
16.395 0.2
16.399999999999963 0.0
16.419999999999963 0.2
16.419999999999963 0.2
16.43666666666663 0.0
16.499999999999964 0.0
16.49999999999998 0.2
16.5 0.4
16.519999999999964 0.6
16.51999999999998 0.4
16.52 0.2
16.54 0.0
16.556666666666665 0.0
16.599999999999966 0.0
16.619999999999965 0.2
16.625 0.0
16.645 0.2
16.645 0.2
16.661666666666665 0.0
16.666666666666647 0.0
16.68 0.2
16.686666666666646 0.2
16.696666666666665 0.0
16.699999999999967 0.0
16.719999999999967 0.2
16.75 0.0
16.77 0.2
16.79999999999997 0.0
16.81999999999997 0.2
16.833333333333314 0.0
16.85333333333331 0.2
16.853333333333314 0.2
16.869999999999976 0.0
16.875 0.0
16.895 0.2
16.895 0.2
16.89999999999997 0.0
16.911666666666665 0.2
16.91999999999997 0.2
16.99999999999997 0.0
16.999999999999982 0.2
17.0 0.4
17.01999999999997 0.6
17.019999999999982 0.4
17.02 0.2
17.099999999999973 0.0
17.119999999999962 0.2
17.119999999999973 0.2
17.125 0.0
17.136666666666628 0.2
17.145 0.2
17.145 0.2
17.161666666666665 0.0
17.16666666666665 0.0
17.18666666666665 0.2
17.199999999999974 0.0
17.21999999999996 0.2
17.219999999999974 0.2
17.236666666666626 0.0
17.25 0.0
17.27 0.2
17.294999999999998 0.0
17.299999999999976 0.0
17.311666666666664 0.2
17.319999999999975 0.2
17.333333333333318 0.0
17.353333333333318 0.2
17.375 0.0
17.395 0.2
17.399999999999977 0.0
17.41999999999996 0.2
17.419999999999977 0.2
17.436666666666625 0.0
17.49999999999998 0.0
17.499999999999986 0.2
17.5 0.4
17.51999999999998 0.6
17.519999999999985 0.4
17.52 0.2
17.59999999999998 0.0
17.61999999999998 0.2
17.625 0.0
17.645 0.2
17.645 0.2
17.661666666666665 0.0
17.666666666666654 0.0
17.669999999999998 0.2
17.686666666666653 0.2
17.686666666666664 0.0
17.69999999999998 0.0
17.71999999999996 0.2
17.71999999999998 0.2
17.736666666666626 0.0
17.75 0.0
17.77 0.2
17.799999999999983 0.0
17.819999999999983 0.2
17.83333333333332 0.0
17.85333333333331 0.2
17.85333333333332 0.2
17.869999999999976 0.0
17.875 0.0
17.895 0.2
17.899999999999984 0.0
17.919999999999963 0.2
17.919999999999984 0.2
17.93666666666663 0.0
17.999999999999986 0.0
17.99999999999999 0.2
18.0 0.4
18.019999999999985 0.6
18.01999999999999 0.4
18.02 0.2
18.099999999999987 0.0
18.119999999999965 0.2
18.119999999999987 0.2
18.125 0.0
18.13666666666663 0.2
18.145 0.2
18.145 0.0
18.161666666666665 0.0
18.166666666666657 0.0
18.186666666666646 0.2
18.186666666666657 0.2
18.19999999999999 0.0
18.203333333333312 0.2
18.219999999999988 0.2
18.25 0.0
18.27 0.2
18.29999999999999 0.0
18.31999999999999 0.2
18.333333333333325 0.0
18.353333333333314 0.2
18.353333333333325 0.2
18.36999999999998 0.0
18.375 0.0
18.395 0.2
18.395 0.2
18.39999999999999 0.0
18.411666666666665 0.2
18.41999999999999 0.2
18.499999999999993 0.0
18.499999999999993 0.2
18.5 0.4
18.519999999999992 0.6
18.519999999999992 0.4
18.52 0.2
18.599999999999994 0.0
18.619999999999973 0.2
18.619999999999994 0.2
18.625 0.0
18.63666666666664 0.2
18.645 0.2
18.645 0.2
18.661666666666665 0.0
18.66666666666666 0.0
18.68666666666666 0.2
18.699999999999996 0.0
18.719999999999974 0.2
18.719999999999995 0.2
18.73666666666664 0.0
18.75 0.0
18.77 0.2
18.799999999999997 0.0
18.819999999999975 0.2
18.819999999999997 0.2
18.83333333333333 0.0
18.83666666666664 0.2
18.853333333333328 0.2
18.875 0.0
18.895 0.2
18.9 0.0
18.919999999999977 0.2
18.919999999999998 0.2
18.936666666666643 0.0
18.999999999999996 0.0
19.0 0.2
19.0 0.4
19.019999999999996 0.6
19.02 0.4
19.02 0.2
19.1 0.0
19.12 0.2
19.125 0.0
19.145 0.2
19.145 0.2
19.161666666666665 0.0
19.166666666666664 0.0
19.186666666666653 0.2
19.186666666666664 0.2
19.200000000000003 0.0
19.20333333333332 0.2
19.21999999999998 0.2
19.220000000000002 0.2
19.236666666666647 0.0
19.25 0.0
19.27 0.2
19.300000000000004 0.0
19.320000000000004 0.2
19.333333333333332 0.0
19.35333333333332 0.2
19.35333333333333 0.2
19.369999999999987 0.0
19.375 0.0
19.395 0.2
19.400000000000006 0.0
19.419999999999984 0.2
19.420000000000005 0.2
19.43666666666665 0.0
19.5 0.0
19.5 0.2
19.500000000000007 0.4
19.52 0.6
19.52 0.4
19.520000000000007 0.2
19.586666666666655 0.0
19.60000000000001 0.0
19.60333333333332 0.2
19.619999999999987 0.2
19.620000000000008 0.2
19.625 0.0
19.636666666666653 0.2
19.645 0.2
19.666666666666668 0.0
19.686666666666667 0.2
19.70000000000001 0.0
19.719999999999988 0.2
19.72000000000001 0.2
19.736666666666654 0.0
19.75 0.0
19.77 0.2
19.80000000000001 0.0
19.82000000000001 0.2
19.833333333333336 0.0
19.853333333333325 0.2
19.853333333333335 0.2
19.86999999999999 0.0
19.875 0.0
19.895 0.2
19.895 0.2
19.900000000000013 0.0
19.911666666666665 0.2
19.920000000000012 0.2
20.0 0.0
20.0 1.6
20.000000000000004 1.8
20.000000000000014 2.0
20.02 2.2
20.02 2.0
20.020000000000003 1.8
20.020000000000014 1.6
20.04 1.4
20.06 1.2
20.08 1.0
20.1 0.8
20.100000000000016 0.6
20.119999999999994 0.8
20.12 0.8
20.120000000000015 0.6
20.125 0.4
20.13666666666666 0.6
20.14 0.6
20.145 0.4
20.145 0.4
20.16 0.2
20.161666666666665 0.0
20.16666666666667 0.0
20.18666666666667 0.2
20.200000000000017 0.0
20.219999999999995 0.2
20.220000000000017 0.2
20.23666666666666 0.0
20.25 0.0
20.27 0.2
20.30000000000002 0.0
20.319999999999997 0.2
20.320000000000018 0.2
20.33333333333334 0.0
20.336666666666662 0.2
20.35333333333334 0.2
20.375 0.0
20.395 0.2
20.40000000000002 0.0
20.419999999999998 0.2
20.42000000000002 0.2
20.436666666666664 0.0
20.5 0.0
20.500000000000007 0.2
20.50000000000002 0.4
20.52 0.6
20.520000000000007 0.4
20.52000000000002 0.2
20.600000000000023 0.0
20.620000000000022 0.2
20.625 0.0
20.645 0.2
20.645 0.2
20.661666666666665 0.0
20.666666666666675 0.0
20.686666666666664 0.2
20.686666666666675 0.2
20.700000000000024 0.0
20.70333333333333 0.2
20.720000000000002 0.2
20.720000000000024 0.2
20.736666666666668 0.0
20.75 0.0
20.77 0.2
20.800000000000026 0.0
20.820000000000025 0.2
20.833333333333343 0.0
20.85333333333333 0.2
20.853333333333342 0.2
20.869999999999997 0.0
20.875 0.0
20.895 0.2
20.900000000000027 0.0
20.920000000000005 0.2
20.920000000000027 0.2
20.93666666666667 0.0
21.0 0.0
21.00000000000001 0.2
21.00000000000003 0.4
21.02 0.6
21.020000000000007 0.4
21.02000000000001 0.4
21.020000000000028 0.2
21.036666666666672 0.0
21.10000000000003 0.0
21.12000000000003 0.2
21.125 0.0
21.145 0.2
21.145 0.2
21.161666666666665 0.0
21.16666666666668 0.0
21.186666666666678 0.2
21.20000000000003 0.0
21.22000000000001 0.2
21.22000000000003 0.2
21.236666666666675 0.0
21.25 0.0
21.27 0.2
21.300000000000033 0.0
21.320000000000032 0.2
21.333333333333346 0.0
21.353333333333335 0.2
21.353333333333346 0.2
21.37 0.0
21.375 0.0
21.395 0.2
21.395 0.2
21.400000000000034 0.0
21.411666666666665 0.2
21.420000000000034 0.2
21.5 0.0
21.500000000000014 0.2
21.500000000000036 0.4
21.52 0.6
21.520000000000014 0.4
21.520000000000035 0.2
21.600000000000037 0.0
21.62 0.2
21.620000000000037 0.2
21.625 0.0
21.636666666666667 0.2
21.645 0.2
21.645 0.2
21.661666666666665 0.0
21.666666666666682 0.0
21.68666666666668 0.2
21.70000000000004 0.0
21.720000000000017 0.2
21.720000000000038 0.2
21.736666666666682 0.0
21.75 0.0
21.77 0.2
21.80000000000004 0.0
21.820000000000018 0.2
21.82000000000004 0.2
21.83333333333335 0.0
21.836666666666684 0.2
21.85333333333335 0.2
21.875 0.0
21.895 0.2
21.90000000000004 0.0
21.92000000000002 0.2
21.92000000000004 0.2
21.936666666666685 0.0
22.0 0.0
22.000000000000018 0.2
22.000000000000043 0.4
22.02 0.6
22.020000000000017 0.4
22.020000000000042 0.2
22.100000000000044 0.0
22.120000000000044 0.2
22.125 0.0
22.145 0.2
22.145 0.2
22.161666666666665 0.0
22.166666666666686 0.0
22.186666666666675 0.2
22.186666666666685 0.2
22.200000000000045 0.0
22.20333333333334 0.2
22.220000000000024 0.2
22.220000000000045 0.2
22.23666666666669 0.0
22.25 0.0
22.27 0.2
22.300000000000047 0.0
22.320000000000046 0.2
22.333333333333353 0.0
22.353333333333342 0.2
22.353333333333353 0.2
22.370000000000008 0.0
22.375 0.0
22.395 0.2
22.40000000000005 0.0
22.420000000000027 0.2
22.420000000000048 0.2
22.436666666666692 0.0
22.5 0.0
22.50000000000002 0.2
22.50000000000005 0.4
22.52 0.6
22.52000000000001 0.4
22.52000000000002 0.4
22.52000000000005 0.2
22.536666666666676 0.0
22.60000000000005 0.0
22.62000000000005 0.2
22.625 0.0
22.645 0.2
22.645 0.2
22.661666666666665 0.0
22.66666666666669 0.0
22.68666666666669 0.2
22.700000000000053 0.0
22.72000000000003 0.2
22.720000000000052 0.2
22.736666666666697 0.0
22.75 0.0
22.77 0.2
22.800000000000054 0.0
22.820000000000054 0.2
22.833333333333357 0.0
22.853333333333346 0.2
22.853333333333357 0.2
22.87000000000001 0.0
22.875 0.0
22.895 0.2
22.895 0.2
22.900000000000055 0.0
22.911666666666665 0.2
22.920000000000055 0.2
23.0 0.0
23.0 0.2
23.000000000000025 2.2
23.000000000000057 2.4
23.02 2.6
23.02 2.4
23.020000000000024 2.2
23.020000000000056 2.0
23.04 1.8
23.06 1.6
23.08 1.4
23.1 1.2
23.10000000000006 1.0
23.12 1.2
23.120000000000037 1.0
23.120000000000058 1.0
23.125 0.8
23.136666666666702 1.0
23.14 1.0
23.145 0.8
23.145 0.8
23.16 0.6
23.161666666666665 0.4
23.166666666666693 0.4
23.18 0.6
23.186666666666692 0.4
23.2 0.2
23.20000000000006 0.0
23.220000000000038 0.2
23.22000000000006 0.2
23.236666666666704 0.0
23.25 0.0
23.27 0.2
23.30000000000006 0.0
23.32000000000004 0.2
23.32000000000006 0.2
23.33333333333336 0.0
23.336666666666705 0.2
23.35333333333336 0.2
23.375 0.0
23.395 0.2
23.400000000000063 0.0
23.42000000000004 0.2
23.420000000000062 0.2
23.436666666666707 0.0
23.5 0.0
23.50000000000003 0.2
23.500000000000064 0.4
23.52 0.6
23.520000000000028 0.4
23.520000000000064 0.2
23.600000000000065 0.0
23.620000000000065 0.2
23.625 0.0
23.645 0.2
23.645 0.2
23.661666666666665 0.0
23.666666666666696 0.0
23.686666666666685 0.2
23.686666666666696 0.2
23.700000000000067 0.0
23.70333333333335 0.2
23.720000000000045 0.2
23.720000000000066 0.2
23.73666666666671 0.0
23.75 0.0
23.77 0.2
23.800000000000068 0.0
23.820000000000068 0.2
23.833333333333364 0.0
23.853333333333353 0.2
23.853333333333364 0.2
23.87000000000002 0.0
23.875 0.0
23.895 0.2
23.90000000000007 0.0
23.920000000000048 0.2
23.92000000000007 0.2
23.936666666666714 0.0
24.0 0.0
24.000000000000032 0.2
24.00000000000007 0.4
24.02 0.6
24.02000000000002 0.4
24.02000000000003 0.4
24.02000000000007 0.2
24.036666666666687 0.0
24.100000000000072 0.0
24.120000000000072 0.2
24.125 0.0
24.145 0.2
24.145 0.2
24.161666666666665 0.0
24.1666666666667 0.0
24.1866666666667 0.2
24.200000000000074 0.0
24.220000000000052 0.2
24.220000000000073 0.2
24.236666666666718 0.0
24.25 0.0
24.27 0.2
24.300000000000075 0.0
24.320000000000075 0.2
24.333333333333368 0.0
24.353333333333357 0.2
24.353333333333367 0.2
24.370000000000022 0.0
24.375 0.0
24.395 0.2
24.395 0.2
24.400000000000077 0.0
24.411666666666665 0.2
24.420000000000076 0.2
24.5 0.0
24.500000000000036 0.2
24.500000000000078 0.4
24.52 0.6
24.520000000000035 0.4
24.520000000000078 0.2
24.60000000000008 0.0
24.620000000000058 0.2
24.62000000000008 0.2
24.625 0.0
24.636666666666724 0.2
24.645 0.2
24.645 0.0
24.661666666666665 0.0
24.666666666666703 0.0
24.686666666666703 0.2
24.70000000000008 0.0
24.72000000000006 0.2
24.72000000000008 0.2
24.736666666666725 0.0
24.75 0.0
24.77 0.2
24.800000000000082 0.0
24.82000000000006 0.2
24.820000000000082 0.2
24.83333333333337 0.0
24.836666666666726 0.2
24.85333333333337 0.2
24.875 0.0
24.895 0.2
24.900000000000084 0.0
24.920000000000062 0.2
24.920000000000083 0.2
24.936666666666728 0.0
25.0 0.0
25.0 1.6
25.00000000000004 1.8
25.000000000000085 2.0
25.02 2.2
25.02 2.0
25.02000000000004 1.8
25.020000000000085 1.6
25.04 1.4
25.06 1.2
25.08 1.0
25.1 0.8
25.100000000000087 0.6
25.12 0.8
25.120000000000086 0.6
25.125 0.4
25.14 0.6
25.145 0.4
25.145 0.4
25.16 0.2
25.161666666666665 0.0
25.166666666666707 0.0
25.186666666666696 0.2
25.186666666666707 0.2
25.200000000000088 0.0
25.20333333333336 0.2
25.220000000000066 0.2
25.220000000000088 0.2
25.236666666666732 0.0
25.25 0.0
25.27 0.2
25.30000000000009 0.0
25.32000000000009 0.2
25.333333333333375 0.0
25.353333333333364 0.2
25.353333333333374 0.2
25.37000000000003 0.0
25.375 0.0
25.395 0.2
25.40000000000009 0.0
25.42000000000007 0.2
25.42000000000009 0.2
25.436666666666735 0.0
25.5 0.0
25.500000000000043 0.2
25.500000000000092 0.4
25.52 0.6
25.52000000000003 0.4
25.520000000000042 0.4
25.520000000000092 0.2
25.536666666666697 0.0
25.600000000000094 0.0
25.620000000000093 0.2
25.625 0.0
25.645 0.2
25.645 0.2
25.661666666666665 0.0
25.66666666666671 0.0
25.68666666666671 0.2
25.700000000000095 0.0
25.720000000000073 0.2
25.720000000000095 0.2
25.73666666666674 0.0
25.75 0.0
25.77 0.2
25.800000000000097 0.0
25.820000000000096 0.2
25.83333333333338 0.0
25.853333333333367 0.2
25.853333333333378 0.2
25.870000000000033 0.0
25.875 0.0
25.895 0.2
25.895 0.2
25.900000000000098 0.0
25.911666666666665 0.2
25.920000000000098 0.2
26.0 0.0
26.000000000000046 0.2
26.0000000000001 0.4
26.02 0.6
26.020000000000046 0.4
26.0200000000001 0.2
26.1000000000001 0.0
26.12000000000008 0.2
26.1200000000001 0.2
26.125 0.0
26.136666666666745 0.2
26.145 0.2
26.166666666666714 0.0
26.186666666666703 0.2
26.186666666666714 0.2
26.200000000000102 0.0
26.20333333333337 0.2
26.22000000000008 0.2
26.220000000000102 0.2
26.236666666666746 0.0
26.25 0.0
26.27 0.2
26.300000000000104 0.0
26.320000000000082 0.2
26.320000000000103 0.2
26.333333333333382 0.0
26.336666666666748 0.2
26.35333333333338 0.2
26.375 0.0
26.395 0.2
26.400000000000105 0.0
26.420000000000083 0.2
26.420000000000105 0.2
26.43666666666675 0.0
26.5 0.0
26.50000000000005 0.2
26.500000000000107 0.4
26.52 0.6
26.52000000000005 0.4
26.520000000000106 0.2
26.600000000000108 0.0
26.620000000000108 0.2
26.625 0.0
26.645 0.2
26.645 0.2
26.661666666666665 0.0
26.666666666666718 0.0
26.686666666666707 0.2
26.686666666666717 0.2
26.70000000000011 0.0
26.703333333333372 0.2
26.720000000000088 0.2
26.72000000000011 0.2
26.736666666666753 0.0
26.75 0.0
26.77 0.2
26.80000000000011 0.0
26.82000000000011 0.2
26.833333333333385 0.0
26.853333333333374 0.2
26.853333333333385 0.2
26.87000000000004 0.0
26.875 0.0
26.895 0.2
26.900000000000112 0.0
26.92000000000009 0.2
26.920000000000112 0.2
26.936666666666756 0.0
27.0 0.0
27.000000000000053 0.2
27.000000000000114 0.4
27.02 0.6
27.020000000000042 0.4
27.020000000000053 0.4
27.020000000000113 0.2
27.036666666666708 0.0
27.100000000000115 0.0
27.120000000000115 0.2
27.125 0.0
27.145 0.2
27.145 0.2
27.161666666666665 0.0
27.16666666666672 0.0
27.18666666666672 0.2
27.200000000000117 0.0
27.220000000000095 0.2
27.220000000000116 0.2
27.23666666666676 0.0
27.25 0.0
27.27 0.2
27.300000000000118 0.0
27.320000000000118 0.2
27.33333333333339 0.0
27.353333333333378 0.2
27.35333333333339 0.2
27.370000000000044 0.0
27.375 0.0
27.395 0.2
27.395 0.2
27.40000000000012 0.0
27.411666666666665 0.2
27.42000000000012 0.2
27.5 0.0
27.500000000000057 0.2
27.50000000000012 0.4
27.52 0.6
27.520000000000056 0.4
27.52000000000012 0.2
27.600000000000122 0.0
27.6200000000001 0.2
27.620000000000122 0.2
27.625 0.0
27.636666666666766 0.2
27.645 0.2
27.666666666666725 0.0
27.686666666666714 0.2
27.686666666666724 0.2
27.700000000000124 0.0
27.70333333333338 0.2
27.720000000000102 0.2
27.720000000000123 0.2
27.736666666666768 0.0
27.75 0.0
27.77 0.2
27.800000000000125 0.0
27.820000000000103 0.2
27.820000000000125 0.2
27.833333333333393 0.0
27.83666666666677 0.2
27.853333333333392 0.2
27.875 0.0
27.895 0.2
27.900000000000126 0.0
27.920000000000105 0.2
27.920000000000126 0.2
27.93666666666677 0.0
28.0 0.0
28.00000000000006 0.2
28.000000000000128 0.4
28.02 0.6
28.02000000000006 0.4
28.020000000000127 0.2
28.10000000000013 0.0
28.12000000000013 0.2
28.125 0.0
28.145 0.2
28.145 0.2
28.161666666666665 0.0
28.16666666666673 0.0
28.186666666666717 0.2
28.186666666666728 0.2
28.20000000000013 0.0
28.203333333333383 0.2
28.22000000000011 0.2
28.22000000000013 0.2
28.236666666666775 0.0
28.25 0.0
28.27 0.2
28.300000000000132 0.0
28.32000000000013 0.2
28.333333333333396 0.0
28.353333333333385 0.2
28.353333333333396 0.2
28.37000000000005 0.0
28.375 0.0
28.395 0.2
28.400000000000134 0.0
28.420000000000112 0.2
28.420000000000133 0.2
28.436666666666778 0.0
28.5 0.0
28.500000000000064 0.2
28.500000000000135 0.4
28.52 0.6
28.520000000000053 0.4
28.520000000000064 0.4
28.520000000000135 0.2
28.53666666666672 0.0
28.600000000000136 0.0
28.620000000000136 0.2
28.625 0.0
28.645 0.2
28.645 0.2
28.661666666666665 0.0
28.666666666666732 0.0
28.68666666666673 0.2
28.700000000000138 0.0
28.720000000000116 0.2
28.720000000000137 0.2
28.736666666666782 0.0
28.75 0.0
28.77 0.2
28.80000000000014 0.0
28.82000000000014 0.2
28.8333333333334 0.0
28.85333333333339 0.2
28.8533333333334 0.2
28.870000000000054 0.0
28.875 0.0
28.895 0.2
28.895 0.2
28.90000000000014 0.0
28.911666666666665 0.2
28.92000000000014 0.2
29.0 0.0
29.000000000000068 0.2
29.000000000000142 0.4
29.02 0.6
29.020000000000067 0.4
29.02000000000014 0.2
29.100000000000144 0.0
29.120000000000122 0.2
29.120000000000143 0.2
29.125 0.0
29.136666666666788 0.2
29.145 0.2
29.166666666666735 0.0
29.186666666666724 0.2
29.186666666666735 0.2
29.200000000000145 0.0
29.20333333333339 0.2
29.220000000000123 0.2
29.220000000000145 0.2
29.23666666666679 0.0
29.25 0.0
29.27 0.2
29.300000000000146 0.0
29.320000000000125 0.2
29.320000000000146 0.2
29.333333333333403 0.0
29.33666666666679 0.2
29.353333333333403 0.2
29.375 0.0
29.395 0.2
29.400000000000148 0.0
29.420000000000126 0.2
29.420000000000147 0.2
29.43666666666679 0.0
29.5 0.0
29.50000000000007 0.2
29.50000000000015 0.4
29.52 0.6
29.52000000000007 0.4
29.52000000000015 0.2
29.60000000000015 0.0
29.62000000000015 0.2
29.625 0.0
29.645 0.2
29.645 0.2
29.661666666666665 0.0
29.66666666666674 0.0
29.686666666666728 0.2
29.68666666666674 0.2
29.700000000000152 0.0
29.703333333333394 0.2
29.72000000000013 0.2
29.72000000000015 0.2
29.736666666666796 0.0
29.75 0.0
29.77 0.2
29.800000000000153 0.0
29.820000000000153 0.2
29.833333333333407 0.0
29.853333333333396 0.2
29.853333333333406 0.2
29.87000000000006 0.0
29.875 0.0
29.895 0.2
29.900000000000155 0.0
29.920000000000133 0.2
29.920000000000154 0.2
29.9366666666668 0.0
30.0 0.0
30.0 0.2
30.000000000000075 1.8
30.000000000000156 2.0
30.02 2.2
30.02 2.0
30.020000000000064 1.8
30.020000000000074 1.8
30.020000000000156 1.6
30.03666666666673 1.4
30.04 1.4
30.06 1.2
30.08 1.0
30.1 0.8
30.100000000000158 0.6
30.12 0.8
30.120000000000157 0.6
30.125 0.4
30.14 0.6
30.145 0.4
30.145 0.2
30.16 0.2
30.161666666666665 0.0
30.166666666666742 0.0
30.186666666666742 0.2
30.20000000000016 0.0
30.220000000000137 0.2
30.22000000000016 0.2
30.236666666666803 0.0
30.25 0.0
30.27 0.2
30.30000000000016 0.0
30.32000000000016 0.2
30.33333333333341 0.0
30.3533333333334 0.2
30.35333333333341 0.2
30.370000000000065 0.0
30.375 0.0
30.395 0.2
30.395 0.2
30.400000000000162 0.0
30.411666666666665 0.2
30.42000000000016 0.2
30.5 0.0
30.500000000000078 0.2
30.500000000000163 0.4
30.52 0.6
30.520000000000078 0.4
30.520000000000163 0.2
30.600000000000165 0.0
30.620000000000143 0.2
30.620000000000164 0.2
30.625 0.0
30.63666666666681 0.2
30.645 0.2
30.666666666666746 0.0
30.686666666666735 0.2
30.686666666666746 0.2
30.700000000000166 0.0
30.7033333333334 0.2
30.720000000000145 0.2
30.720000000000166 0.2
30.73666666666681 0.0
30.75 0.0
30.77 0.2
30.800000000000168 0.0
30.820000000000146 0.2
30.820000000000167 0.2
30.833333333333414 0.0
30.83666666666681 0.2
30.853333333333413 0.2
30.875 0.0
30.895 0.2
30.90000000000017 0.0
30.920000000000147 0.2
30.92000000000017 0.2
30.936666666666813 0.0
31.0 0.0
31.0 0.2
31.00000000000008 2.2
31.00000000000017 2.4
31.02 2.6
31.02 2.4
31.02000000000008 2.2
31.02000000000017 2.0
31.04 1.8
31.06 1.6
31.08 1.4
31.1 1.2
31.100000000000172 1.0
31.12 1.2
31.12000000000017 1.0
31.125 0.8
31.14 1.0
31.145 0.8
31.145 0.8
31.16 0.6
31.161666666666665 0.4
31.16666666666675 0.4
31.18 0.6
31.18666666666674 0.4
31.18666666666675 0.4
31.2 0.2
31.200000000000173 0.0
31.203333333333404 0.2
31.22000000000015 0.2
31.220000000000173 0.2
31.236666666666817 0.0
31.25 0.0
31.27 0.2
31.300000000000175 0.0
31.320000000000174 0.2
31.333333333333417 0.0
31.353333333333406 0.2
31.353333333333417 0.2
31.370000000000072 0.0
31.375 0.0
31.395 0.2
31.400000000000176 0.0
31.420000000000154 0.2
31.420000000000176 0.2
31.43666666666682 0.0
31.5 0.0
31.500000000000085 0.2
31.500000000000178 0.4
31.52 0.6
31.520000000000074 0.4
31.520000000000085 0.4
31.520000000000177 0.2
31.53666666666674 0.0
31.60000000000018 0.0
31.62000000000018 0.2
31.625 0.0
31.645 0.2
31.66 0.0
31.666666666666753 0.0
31.676666666666666 0.2
31.686666666666753 0.2
31.70000000000018 0.0
31.72000000000016 0.2
31.72000000000018 0.2
31.736666666666824 0.0
31.75 0.0
31.77 0.2
31.800000000000182 0.0
31.82000000000018 0.2
31.83333333333342 0.0
31.85333333333341 0.2
31.85333333333342 0.2
31.870000000000076 0.0
31.875 0.0
31.895 0.2
31.895 0.2
31.900000000000183 0.0
31.911666666666665 0.2
31.920000000000183 0.2
32.0 0.0
32.000000000000085 0.2
32.000000000000185 0.4
32.02 0.6
32.02000000000009 0.4
32.02000000000019 0.2
32.100000000000186 0.0
32.12000000000016 0.2
32.12000000000019 0.2
32.125 0.0
32.13666666666683 0.2
32.145 0.2
32.16666666666675 0.0
32.186666666666746 0.2
32.18666666666675 0.2
32.20000000000019 0.0
32.20333333333341 0.2
32.22000000000017 0.2
32.22000000000019 0.2
32.236666666666835 0.0
32.25 0.0
32.27 0.2
32.30000000000019 0.0
32.320000000000164 0.2
32.32000000000019 0.2
32.333333333333414 0.0
32.33666666666683 0.2
32.35333333333342 0.2
32.375 0.0
32.395 0.2
32.40000000000019 0.0
32.42000000000017 0.2
32.42000000000019 0.2
32.43666666666684 0.0
32.5 0.0
32.50000000000008 0.2
32.50000000000019 0.4
32.52 0.6
32.52000000000008 0.4
32.520000000000195 0.2
32.60000000000019 0.0
32.620000000000196 0.2
32.625 0.0
32.644999999999996 0.2
32.645 0.2
32.66166666666666 0.0
32.66666666666674 0.0
32.686666666666746 0.2
32.68666666666675 0.0
32.700000000000195 0.0
32.70333333333342 0.2
32.72000000000017 0.2
32.7200000000002 0.2
32.736666666666835 0.0
32.75 0.0
32.77 0.2
32.800000000000196 0.0
32.8200000000002 0.2
32.83333333333341 0.0
32.85333333333341 0.2
32.85333333333342 0.0
32.87000000000008 0.0
32.875 0.0
32.895 0.2
32.9000000000002 0.0
32.92000000000017 0.2
32.9200000000002 0.2
32.93666666666684 0.0
33.0 0.0
33.00000000000007 0.2
33.0000000000002 0.4
33.02 0.6
33.020000000000074 0.4
33.02000000000008 0.2
33.0200000000002 0.2
33.03666666666675 0.0
33.1000000000002 0.0
33.1200000000002 0.2
33.125 0.0
33.145 0.2
33.166666666666735 0.0
33.18666666666674 0.2
33.18666666666675 0.0
33.2000000000002 0.0
33.20333333333342 0.2
33.220000000000184 0.2
33.220000000000205 0.2
33.23666666666685 0.0
33.25 0.0
33.27 0.2
33.3000000000002 0.0
33.320000000000206 0.2
33.3333333333334 0.0
33.3533333333334 0.2
33.353333333333424 0.0
33.37000000000009 0.0
33.375 0.0
33.394999999999996 0.2
33.395 0.2
33.400000000000205 0.0
33.41166666666666 0.2
33.42000000000021 0.2
33.5 0.0
33.500000000000064 0.2
33.500000000000206 0.4
33.52 0.6
33.52000000000007 0.4
33.52000000000021 0.2
33.60000000000021 0.0
33.62000000000019 0.2
33.62000000000021 0.2
33.625 0.0
33.636666666666855 0.2
33.645 0.2
33.66666666666673 0.0
33.68666666666673 0.2
33.68666666666675 0.0
33.70000000000021 0.0
33.70333333333342 0.2
33.72000000000019 0.2
33.72000000000021 0.2
33.736666666666856 0.0
33.75 0.0
33.77 0.2
33.80000000000021 0.0
33.82000000000019 0.2
33.82000000000021 0.2
33.83333333333339 0.0
33.83666666666686 0.2
33.853333333333396 0.2
33.875 0.0
33.895 0.2
33.90000000000021 0.0
33.92000000000019 0.2
33.920000000000215 0.2
33.93666666666686 0.0
34.0 0.0
34.00000000000006 0.2
34.00000000000021 0.4
34.02 0.6
34.02000000000006 0.4
34.020000000000216 0.2
34.100000000000215 0.0
34.120000000000196 0.2
34.12000000000022 0.2
34.125 0.0
34.13666666666686 0.2
34.145 0.2
34.145 0.0
34.16166666666667 0.0
34.16666666666672 0.0
34.186666666666724 0.2
34.200000000000216 0.0
34.22000000000022 0.2
34.25 0.0
34.27 0.2
34.27 0.2
34.28666666666667 0.0
34.30000000000022 0.0
34.32000000000022 0.2
34.333333333333385 0.0
34.35333333333339 0.2
34.375 0.0
34.395 0.2
34.395 0.2
34.40000000000022 0.0
34.41166666666667 0.2
34.4200000000002 0.2
34.42000000000022 0.2
34.436666666666866 0.0
34.5 0.0
34.50000000000005 0.2
34.50000000000022 0.4
34.52 0.6
34.52000000000005 0.4
34.5200000000002 0.2
34.52000000000022 0.2
34.53666666666687 0.0
34.60000000000022 0.0
34.6200000000002 0.2
34.620000000000225 0.2
34.625 0.0
34.63666666666687 0.2
34.645 0.2
34.666666666666714 0.0
34.68666666666672 0.2
34.70000000000022 0.0
34.720000000000226 0.2
34.75 0.0
34.77 0.2
34.77 0.2
34.78666666666667 0.0
34.795 0.0
34.800000000000225 0.0
34.81166666666667 0.2
34.82000000000023 0.2
34.83333333333338 0.0
34.85333333333338 0.2
34.875 0.0
34.895 0.2
34.900000000000226 0.0
34.92000000000021 0.2
34.92000000000023 0.2
34.93666666666687 0.0
35.0 0.0
35.0 0.2
35.00000000000004 1.8
35.00000000000023 2.0
35.02 2.2
35.02 2.0
35.020000000000046 1.8
35.02000000000023 1.6
35.04 1.4
35.06 1.2
35.08 1.0
35.1 0.8
35.10000000000023 0.6
35.12 0.8
35.12000000000021 0.6
35.12000000000021 0.6
35.12000000000023 0.6
35.125 0.4
35.136666666666876 0.6
35.136666666666876 0.6
35.14 0.6
35.145 0.4
35.16 0.2
35.16666666666671 0.0
35.18666666666671 0.2
35.20000000000023 0.0
35.22000000000023 0.2
35.25 0.0
35.27 0.2
35.27 0.2
35.28666666666667 0.0
35.30000000000023 0.0
35.32000000000021 0.2
35.320000000000235 0.2
35.33333333333337 0.0
35.33666666666688 0.2
35.353333333333374 0.2
35.375 0.0
35.395 0.2
35.40000000000023 0.0
35.420000000000215 0.2
35.420000000000236 0.2
35.43666666666688 0.0
35.5 0.0
35.500000000000036 0.2
35.500000000000234 0.4
35.52 0.6
35.52000000000004 0.4
35.52000000000024 0.2
35.600000000000236 0.0
35.62000000000022 0.2
35.62000000000024 0.2
35.625 0.0
35.63666666666688 0.2
35.645 0.2
35.6666666666667 0.0
35.6866666666667 0.2
35.686666666666724 0.0
35.70000000000024 0.0
35.70333333333339 0.2
35.72000000000024 0.2
35.75 0.0
35.77 0.2
35.77 0.2
35.78666666666667 0.0
35.80000000000024 0.0
35.82000000000024 0.2
35.833333333333364 0.0
35.85333333333337 0.2
35.875 0.0
35.895 0.2
35.895 0.2
35.90000000000024 0.0
35.91166666666667 0.2
35.92000000000022 0.2
35.92000000000024 0.2
35.93666666666689 0.0
36.0 0.0
36.00000000000003 0.2
36.00000000000024 0.4
36.02 0.6
36.02000000000003 0.4
36.02000000000022 0.2
36.020000000000245 0.2
36.03666666666689 0.0
36.10000000000024 0.0
36.120000000000225 0.2
36.120000000000246 0.2
36.125 0.0
36.13666666666689 0.2
36.145 0.2
36.16666666666669 0.0
36.186666666666696 0.2
36.200000000000244 0.0
36.22000000000025 0.2
36.25 0.0
36.27 0.2
36.27 0.2
36.28666666666667 0.0
36.300000000000246 0.0
36.32000000000023 0.2
36.32000000000025 0.2
36.33333333333336 0.0
36.33666666666689 0.2
36.35333333333336 0.2
36.375 0.0
36.395 0.2
36.40000000000025 0.0
36.42000000000023 0.2
36.42000000000025 0.2
36.436666666666895 0.0
36.5 0.0
36.50000000000002 0.2
36.50000000000025 0.4
36.52 0.6
36.520000000000024 0.4
36.52000000000023 0.2
36.52000000000025 0.2
36.536666666666896 0.0
36.60000000000025 0.0
36.62000000000025 0.2
36.625 0.0
36.64 0.2
36.645 0.2
36.656666666666666 0.0
36.666666666666686 0.0
36.68666666666669 0.2
36.70000000000025 0.0
36.720000000000255 0.2
36.75 0.0
36.77 0.2
36.77 0.2
36.78666666666667 0.0
36.80000000000025 0.0
36.820000000000235 0.2
36.820000000000256 0.2
36.83333333333335 0.0
36.8366666666669 0.2
36.85333333333335 0.2
36.875 0.0
36.895 0.2
36.900000000000254 0.0
36.920000000000236 0.2
36.92000000000026 0.2
36.9366666666669 0.0
37.0 0.0
37.000000000000014 0.2
37.000000000000256 0.4
37.02 0.6
37.02000000000002 0.4
37.02000000000026 0.2
37.10000000000026 0.0
37.12000000000024 0.2
37.12000000000026 0.2
37.125 0.0
37.136666666666905 0.2
37.145 0.2
37.16666666666668 0.0
37.18666666666668 0.2
37.20000000000026 0.0
37.22000000000024 0.2
37.22000000000026 0.2
37.236666666666906 0.0
37.25 0.0
37.27 0.2
37.27 0.2
37.28666666666667 0.0
37.30000000000026 0.0
37.32000000000026 0.2
37.33333333333334 0.0
37.353333333333346 0.2
37.375 0.0
37.395 0.2
37.395 0.2
37.40000000000026 0.0
37.41166666666667 0.2
37.42000000000024 0.2
37.420000000000265 0.2
37.43666666666691 0.0
37.5 0.0
37.50000000000001 0.2
37.50000000000026 0.4
37.52 0.6
37.52000000000001 0.4
37.520000000000245 0.2
37.520000000000266 0.2
37.53666666666691 0.0
37.600000000000264 0.0
37.620000000000246 0.2
37.62000000000027 0.2
37.625 0.0
37.63666666666691 0.2
37.645 0.2
37.66666666666667 0.0
37.686666666666675 0.2
37.700000000000266 0.0
37.72000000000027 0.2
37.75 0.0
37.77 0.2
37.77 0.2
37.78666666666667 0.0
37.80000000000027 0.0
37.82000000000025 0.2
37.82000000000027 0.2
37.833333333333336 0.0
37.836666666666915 0.2
37.85333333333334 0.2
37.875 0.0
37.895 0.2
37.90000000000027 0.0
37.92000000000025 0.2
37.92000000000027 0.2
37.936666666666916 0.0
38.0 0.0
38.0 0.2
38.00000000000027 0.4
38.02 0.6
38.02 0.4
38.02000000000025 0.2
38.02000000000027 0.2
38.03666666666692 0.0
38.10000000000027 0.0
38.120000000000275 0.2
38.125 0.0
38.145 0.2
38.145 0.2
38.16166666666667 0.0
38.166666666666664 0.0
38.18666666666667 0.2
38.20000000000027 0.0
38.220000000000276 0.2
38.25 0.0
38.27 0.2
38.27 0.2
38.28666666666667 0.0
38.300000000000274 0.0
38.320000000000256 0.2
38.32000000000028 0.2
38.33333333333333 0.0
38.33666666666692 0.2
38.35333333333333 0.2
38.375 0.0
38.395 0.2
38.400000000000276 0.0
38.42000000000026 0.2
38.42000000000028 0.2
38.43666666666692 0.0
38.49999999999999 0.0
38.5 0.2
38.50000000000028 0.4
38.519999999999996 0.6
38.52 0.4
38.52000000000028 0.2
38.60000000000028 0.0
38.62000000000026 0.2
38.62000000000028 0.2
38.625 0.0
38.636666666666926 0.2
38.645 0.2
38.66666666666666 0.0
38.68666666666666 0.2
38.70000000000028 0.0
38.72000000000026 0.2
38.72000000000028 0.2
38.73666666666693 0.0
38.75 0.0
38.77 0.2
38.77 0.2
38.78666666666667 0.0
38.80000000000028 0.0
38.820000000000285 0.2
38.83333333333332 0.0
38.853333333333325 0.2
38.875 0.0
38.895 0.2
38.895 0.2
38.90000000000028 0.0
38.91166666666667 0.2
38.920000000000265 0.2
38.920000000000286 0.2
38.93666666666693 0.0
38.999999999999986 0.0
39.0 0.2
39.0 2.2
39.000000000000284 2.4
39.01999999999999 2.6
39.02 2.4
39.02 2.2
39.020000000000266 2.0
39.02000000000029 2.0
39.03666666666693 1.8
39.04 1.8
39.06 1.6
39.08 1.4
39.1 1.2
39.100000000000286 1.0
39.12 1.2
39.12000000000027 1.0
39.12000000000029 1.0
39.125 0.8
39.13666666666693 1.0
39.14 1.0
39.145 0.8
39.16 0.6
39.16666666666665 0.4
39.18 0.6
39.18666666666665 0.4
39.2 0.2
39.20000000000029 0.0
39.22000000000029 0.2
39.25 0.0
39.27 0.2
39.27 0.2
39.28666666666667 0.0
39.30000000000029 0.0
39.32000000000027 0.2
39.32000000000029 0.2
39.333333333333314 0.0
39.336666666666936 0.2
39.35333333333332 0.2
39.375 0.0
39.395 0.2
39.40000000000029 0.0
39.42000000000027 0.2
39.42000000000029 0.2
39.43666666666694 0.0
39.49999999999998 0.0
39.5 0.2
39.50000000000029 0.4
39.51999999999998 0.6
39.52 0.4
39.52000000000027 0.2
39.520000000000294 0.2
39.53666666666694 0.0
39.60000000000029 0.0
39.620000000000296 0.2
39.625 0.0
39.645 0.2
39.645 0.2
39.66166666666667 0.0
39.66666666666664 0.0
39.686666666666646 0.2
39.700000000000294 0.0
39.7200000000003 0.2
39.75 0.0
39.77 0.2
39.77 0.2
39.78666666666667 0.0
39.800000000000296 0.0
39.82000000000028 0.2
39.8200000000003 0.2
39.83333333333331 0.0
39.83666666666694 0.2
39.85333333333331 0.2
39.875 0.0
39.895 0.2
39.9000000000003 0.0
39.92000000000028 0.2
39.9200000000003 0.2
39.936666666666945 0.0
39.99999999999997 0.0
40.0 0.2
40.0 0.4
40.0000000000003 2.0
40.019999999999975 2.2
40.02 2.0
40.02 1.8
40.0200000000003 1.6
40.04 1.4
40.06 1.2
40.08 1.0
40.1 0.8
40.1000000000003 0.6
40.12 0.8
40.12000000000028 0.6
40.1200000000003 0.6
40.125 0.4
40.13666666666695 0.6
40.14 0.6
40.145 0.4
40.16 0.2
40.166666666666636 0.0
40.18666666666664 0.2
40.2000000000003 0.0
40.22000000000028 0.2
40.220000000000304 0.2
40.23666666666695 0.0
40.25 0.0
40.27 0.2
40.27 0.2
40.28666666666667 0.0
40.3000000000003 0.0
40.320000000000306 0.2
40.3333333333333 0.0
40.3533333333333 0.2
40.375 0.0
40.395 0.2
40.395 0.2
40.400000000000304 0.0
40.41166666666667 0.2
40.420000000000286 0.2
40.42000000000031 0.2
40.43666666666695 0.0
40.499999999999964 0.0
40.5 0.2
40.500000000000306 0.4
40.51999999999997 0.6
40.52 0.4
40.52000000000029 0.2
40.52000000000031 0.2
40.53666666666695 0.0
40.60000000000031 0.0
40.62000000000029 0.2
40.62000000000031 0.2
40.625 0.0
40.636666666666954 0.2
40.645 0.2
40.66666666666663 0.0
40.68666666666663 0.2
40.70000000000031 0.0
40.72000000000031 0.2
40.75 0.0
40.77 0.2
40.77 0.2
40.78666666666667 0.0
40.80000000000031 0.0
40.82000000000029 0.2
40.82000000000031 0.2
40.83333333333329 0.0
40.83666666666696 0.2
40.853333333333296 0.2
40.875 0.0
40.895 0.2
40.90000000000031 0.0
40.92000000000029 0.2
40.920000000000314 0.2
40.93666666666696 0.0
40.99999999999996 0.0
41.0 0.2
41.00000000000031 0.4
41.01999999999996 0.6
41.02 0.4
41.020000000000294 0.2
41.020000000000316 0.2
41.03666666666696 0.0
41.100000000000314 0.0
41.12000000000032 0.2
41.125 0.0
41.145 0.2
41.145 0.2
41.16166666666667 0.0
41.16666666666662 0.0
41.186666666666625 0.2
41.200000000000315 0.0
41.22000000000032 0.2
41.25 0.0
41.27 0.2
41.27 0.2
41.28666666666667 0.0
41.30000000000032 0.0
41.3200000000003 0.2
41.32000000000032 0.2
41.333333333333286 0.0
41.336666666666964 0.2
41.35333333333329 0.2
41.375 0.0
41.395 0.2
41.40000000000032 0.0
41.4200000000003 0.2
41.42000000000032 0.2
41.436666666666966 0.0
41.49999999999995 0.0
41.5 0.2
41.50000000000032 0.4
41.51999999999995 0.6
41.52 0.4
41.52000000000032 0.2
41.60000000000032 0.0
41.6200000000003 0.2
41.620000000000324 0.2
41.625 0.0
41.63666666666697 0.2
41.645 0.2
41.666666666666615 0.0
41.68666666666662 0.2
41.70000000000032 0.0
41.720000000000304 0.2
41.720000000000326 0.2
41.73666666666697 0.0
41.75 0.0
41.77 0.2
41.77 0.2
41.78666666666667 0.0
41.800000000000324 0.0
41.82000000000033 0.2
41.83333333333328 0.0
41.85333333333328 0.2
41.875 0.0
41.895 0.2
41.895 0.2
41.900000000000325 0.0
41.91166666666667 0.2
41.92000000000031 0.2
41.92000000000033 0.2
41.93666666666697 0.0
41.99999999999994 0.0
42.0 0.2
42.00000000000033 0.4
42.019999999999946 0.6
42.02 0.4
42.02000000000031 0.2
42.02000000000033 0.2
42.036666666666974 0.0
42.10000000000033 0.0
42.12000000000031 0.2
42.12000000000033 0.2
42.125 0.0
42.136666666666976 0.2
42.145 0.2
42.16666666666661 0.0
42.18666666666661 0.2
42.20000000000033 0.0
42.22000000000033 0.2
42.25 0.0
42.27 0.2
42.27 0.2
42.28666666666667 0.0
42.30000000000033 0.0
42.32000000000031 0.2
42.320000000000334 0.2
42.33333333333327 0.0
42.33666666666698 0.2
42.353333333333275 0.2
42.375 0.0
42.395 0.2
42.40000000000033 0.0
42.420000000000314 0.2
42.420000000000336 0.2
42.43666666666698 0.0
42.499999999999936 0.0
42.5 0.2
42.500000000000334 0.4
42.51999999999994 0.6
42.52 0.4
42.520000000000316 0.2
42.52000000000034 0.2
42.53666666666698 0.0
42.600000000000335 0.0
42.62000000000034 0.2
42.625 0.0
42.645 0.2
42.645 0.2
42.66166666666667 0.0
42.6666666666666 0.0
42.6866666666666 0.2
42.70000000000034 0.0
42.72000000000034 0.2
42.75 0.0
42.77 0.2
42.77 0.2
42.78666666666667 0.0
42.80000000000034 0.0
42.82000000000032 0.2
42.82000000000034 0.2
42.833333333333265 0.0
42.836666666666986 0.2
42.85333333333327 0.2
42.875 0.0
42.895 0.2
42.90000000000034 0.0
42.92000000000032 0.2
42.92000000000034 0.2
42.93666666666699 0.0
42.99999999999993 0.0
43.0 0.2
43.00000000000034 0.4
43.01999999999993 0.6
43.02 0.4
43.020000000000344 0.2
43.10000000000034 0.0
43.120000000000324 0.2
43.120000000000346 0.2
43.125 0.0
43.13666666666699 0.2
43.145 0.2
43.16666666666659 0.0
43.186666666666596 0.2
43.200000000000344 0.0
43.220000000000326 0.2
43.22000000000035 0.2
43.23666666666699 0.0
43.25 0.0
43.27 0.2
43.27 0.2
43.28666666666667 0.0
43.300000000000345 0.0
43.32000000000035 0.2
43.33333333333326 0.0
43.35333333333326 0.2
43.375 0.0
43.395 0.2
43.395 0.2
43.40000000000035 0.0
43.41166666666667 0.2
43.42000000000033 0.2
43.42000000000035 0.2
43.436666666666994 0.0
43.49999999999992 0.0
43.5 0.2
43.50000000000035 0.4
43.519999999999925 0.6
43.52 0.4
43.52000000000033 0.2
43.52000000000035 0.2
43.536666666666996 0.0
43.60000000000035 0.0
43.62000000000033 0.2
43.62000000000035 0.2
43.625 0.0
43.636666666667 0.2
43.645 0.2
43.666666666666586 0.0
43.68666666666659 0.2
43.70000000000035 0.0
43.720000000000354 0.2
43.75 0.0
43.77 0.2
43.77 0.2
43.78666666666667 0.0
43.80000000000035 0.0
43.820000000000334 0.2
43.820000000000356 0.2
43.83333333333325 0.0
43.836666666667 0.2
43.853333333333254 0.2
43.875 0.0
43.895 0.2
43.900000000000354 0.0
43.920000000000336 0.2
43.92000000000036 0.2
43.936666666667 0.0
43.999999999999915 0.0
44.0 0.2
44.000000000000355 0.4
44.01999999999992 0.6
44.02 0.4
44.02000000000034 0.2
44.02000000000036 0.2
44.036666666667 0.0
44.10000000000036 0.0
44.12000000000036 0.2
44.125 0.0
44.145 0.2
44.145 0.2
44.16166666666667 0.0
44.16666666666658 0.0
44.18666666666658 0.2
44.20000000000036 0.0
44.22000000000036 0.2
44.25 0.0
44.27 0.2
44.27 0.2
44.28666666666667 0.0
44.30000000000036 0.0
44.32000000000034 0.2
44.32000000000036 0.2
44.33333333333324 0.0
44.33666666666701 0.2
44.35333333333325 0.2
44.375 0.0
44.395 0.2
44.40000000000036 0.0
44.42000000000034 0.2
44.420000000000364 0.2
44.43666666666701 0.0
44.49999999999991 0.0
44.5 0.2
44.50000000000036 0.4
44.51999999999991 0.6
44.52 0.4
44.520000000000366 0.2
44.600000000000364 0.0
44.620000000000346 0.2
44.62000000000037 0.2
44.625 0.0
44.63666666666701 0.2
44.645 0.2
44.66666666666657 0.0
44.686666666666575 0.2
44.700000000000365 0.0
44.72000000000035 0.2
44.72000000000037 0.2
44.73666666666701 0.0
44.75 0.0
44.77 0.2
44.77 0.2
44.78666666666667 0.0
44.80000000000037 0.0
44.82000000000037 0.2
44.833333333333236 0.0
44.85333333333324 0.2
44.875 0.0
44.895 0.2
44.895 0.2
44.90000000000037 0.0
44.91166666666667 0.2
44.92000000000035 0.2
44.92000000000037 0.2
44.936666666667016 0.0
44.9999999999999 0.0
45.0 0.2
45.0 0.4
45.00000000000037 2.0
45.019999999999904 2.2
45.02 2.0
45.02 1.8
45.02000000000035 1.6
45.02000000000037 1.6
45.03666666666702 1.4
45.04 1.4
45.06 1.2
45.08 1.0
45.1 0.8
45.10000000000037 0.6
45.12 0.8
45.12000000000035 0.6
45.120000000000374 0.6
45.125 0.4
45.13666666666702 0.6
45.14 0.6
45.145 0.4
45.16 0.2
45.166666666666565 0.0
45.18666666666657 0.2
45.20000000000037 0.0
45.220000000000375 0.2
45.25 0.0
45.27 0.2
45.27 0.2
45.28666666666667 0.0
45.300000000000374 0.0
45.320000000000356 0.2
45.32000000000038 0.2
45.33333333333323 0.0
45.33666666666702 0.2
45.35333333333323 0.2
45.375 0.0
45.395 0.2
45.400000000000375 0.0
45.42000000000036 0.2
45.42000000000038 0.2
45.43666666666702 0.0
45.49999999999989 0.0
45.5 0.2
45.50000000000038 0.4
45.5199999999999 0.6
45.52 0.4
45.52000000000036 0.2
45.52000000000038 0.2
45.536666666667024 0.0
45.60000000000038 0.0
45.62000000000038 0.2
45.625 0.0
45.645 0.2
45.645 0.2
45.66166666666667 0.0
45.66666666666656 0.0
45.68666666666656 0.2
45.70000000000038 0.0
45.72000000000038 0.2
45.75 0.0
45.77 0.2
45.77 0.2
45.78666666666667 0.0
45.80000000000038 0.0
45.82000000000036 0.2
45.820000000000384 0.2
45.83333333333322 0.0
45.83666666666703 0.2
45.853333333333225 0.2
45.875 0.0
45.895 0.2
45.90000000000038 0.0
45.920000000000364 0.2
45.920000000000385 0.2
45.93666666666703 0.0
45.999999999999886 0.0
46.0 0.2
46.000000000000384 0.4
46.01999999999989 0.6
46.02 0.4
46.02000000000039 0.2
46.100000000000385 0.0
46.12000000000037 0.2
46.12000000000039 0.2
46.125 0.0
46.13666666666703 0.2
46.145 0.2
46.16666666666655 0.0
46.186666666666554 0.2
46.20000000000039 0.0
46.22000000000037 0.2
46.22000000000039 0.2
46.236666666667034 0.0
46.25 0.0
46.27 0.2
46.27 0.2
46.28666666666667 0.0
46.30000000000039 0.0
46.32000000000039 0.2
46.333333333333215 0.0
46.35333333333322 0.2
46.375 0.0
46.395 0.2
46.395 0.2
46.40000000000039 0.0
46.41166666666667 0.2
46.42000000000037 0.2
46.42000000000039 0.2
46.43666666666704 0.0
46.49999999999988 0.0
46.5 0.2
46.50000000000039 0.4
46.51999999999988 0.6
46.52 0.4
46.52000000000037 0.2
46.520000000000394 0.2
46.53666666666704 0.0
46.60000000000039 0.0
46.620000000000374 0.2
46.620000000000395 0.2
46.625 0.0
46.63666666666704 0.2
46.645 0.2
46.66666666666654 0.0
46.68666666666655 0.2
46.700000000000394 0.0
46.7200000000004 0.2
46.75 0.0
46.77 0.2
46.77 0.2
46.78666666666667 0.0
46.800000000000395 0.0
46.82000000000038 0.2
46.8200000000004 0.2
46.83333333333321 0.0
46.83666666666704 0.2
46.85333333333321 0.2
46.875 0.0
46.895 0.2
46.9000000000004 0.0
46.92000000000038 0.2
46.9200000000004 0.2
46.936666666667044 0.0
46.99999999999987 0.0
47.0 0.2
47.0 0.4
47.0000000000004 2.4
47.019999999999875 2.6
47.02 2.4
47.02 2.2
47.02000000000038 2.0
47.0200000000004 2.0
47.036666666667045 1.8
47.04 1.8
47.06 1.6
47.08 1.4
47.1 1.2
47.1000000000004 1.0
47.12 1.2
47.1200000000004 1.0
47.125 0.8
47.14 1.0
47.145 0.8
47.145 0.6
47.16 0.6
47.16166666666667 0.4
47.166666666666536 0.4
47.18 0.6
47.18666666666654 0.4
47.2 0.2
47.2000000000004 0.0
47.220000000000404 0.2
47.25 0.0
47.27 0.2
47.27 0.2
47.28666666666667 0.0
47.3000000000004 0.0
47.320000000000384 0.2
47.320000000000405 0.2
47.3333333333332 0.0
47.33666666666705 0.2
47.353333333333204 0.2
47.375 0.0
47.395 0.2
47.400000000000404 0.0
47.420000000000385 0.2
47.42000000000041 0.2
47.43666666666705 0.0
47.499999999999865 0.0
47.5 0.2
47.500000000000405 0.4
47.51999999999987 0.6
47.52 0.4
47.52000000000041 0.2
47.600000000000406 0.0
47.62000000000039 0.2
47.62000000000041 0.2
47.625 0.0
47.636666666667054 0.2
47.645 0.2
47.66666666666653 0.0
47.68666666666653 0.2
47.70000000000041 0.0
47.72000000000039 0.2
47.72000000000041 0.2
47.736666666667055 0.0
47.75 0.0
47.77 0.2
47.77 0.2
47.78666666666667 0.0
47.80000000000041 0.0
47.82000000000041 0.2
47.833333333333194 0.0
47.8533333333332 0.2
47.875 0.0
47.895 0.2
47.895 0.2
47.90000000000041 0.0
47.91166666666667 0.2
47.92000000000039 0.2
47.920000000000414 0.2
47.93666666666706 0.0
47.99999999999986 0.0
48.0 0.2
48.00000000000041 0.4
48.01999999999986 0.6
48.02 0.4
48.020000000000394 0.2
48.020000000000415 0.2
48.03666666666706 0.0
48.10000000000041 0.0
48.120000000000395 0.2
48.12000000000042 0.2
48.125 0.0
48.13666666666706 0.2
48.145 0.2
48.16666666666652 0.0
48.186666666666525 0.2
48.200000000000415 0.0
48.22000000000042 0.2
48.25 0.0
48.27 0.2
48.27 0.2
48.28666666666667 0.0
48.300000000000416 0.0
48.3200000000004 0.2
48.32000000000042 0.2
48.33333333333319 0.0
48.336666666667064 0.2
48.35333333333319 0.2
48.375 0.0
48.395 0.2
48.40000000000042 0.0
48.4200000000004 0.2
48.42000000000042 0.2
48.436666666667065 0.0
48.49999999999985 0.0
48.5 0.2
48.50000000000042 0.4
48.519999999999854 0.6
48.52 0.4
48.5200000000004 0.2
48.52000000000042 0.2
48.53666666666707 0.0
48.60000000000042 0.0
48.620000000000424 0.2
48.625 0.0
48.645 0.2
48.66 0.0
48.666666666666515 0.0
48.67666666666666 0.2
48.68666666666652 0.2
48.70000000000042 0.0
48.720000000000425 0.2
48.75 0.0
48.77 0.2
48.77 0.2
48.78666666666667 0.0
48.80000000000042 0.0
48.820000000000405 0.2
48.82000000000043 0.2
48.83333333333318 0.0
48.83666666666707 0.2
48.85333333333318 0.2
48.875 0.0
48.895 0.2
48.900000000000425 0.0
48.92000000000041 0.2
48.92000000000043 0.2
48.93666666666707 0.0
48.999999999999844 0.0
49.0 0.2
49.000000000000426 0.4
49.01999999999985 0.6
49.02 0.4
49.02000000000043 0.2
49.10000000000043 0.0
49.12000000000041 0.2
49.12000000000043 0.2
49.125 0.0
49.136666666667075 0.2
49.145 0.2
49.16666666666651 0.0
49.18666666666651 0.2
49.20000000000043 0.0
49.22000000000041 0.2
49.22000000000043 0.2
49.23666666666708 0.0
49.25 0.0
49.27 0.2
49.27 0.2
49.28666666666667 0.0
49.30000000000043 0.0
49.320000000000434 0.2
49.33333333333317 0.0
49.353333333333175 0.2
49.375 0.0
49.395 0.2
49.395 0.2
49.40000000000043 0.0
49.41166666666667 0.2
49.420000000000414 0.2
49.420000000000435 0.2
49.43666666666708 0.0
49.49999999999984 0.0
49.5 0.2
49.50000000000043 0.4
49.51999999999984 0.6
49.52 0.4
49.520000000000415 0.2
49.52000000000044 0.2
49.53666666666708 0.0
49.600000000000435 0.0
49.62000000000042 0.2
49.62000000000044 0.2
49.625 0.0
49.63666666666708 0.2
49.645 0.2
49.6666666666665 0.0
49.686666666666504 0.2
49.700000000000436 0.0
49.72000000000044 0.2
49.75 0.0
49.77 0.2
49.77 0.2
49.78666666666667 0.0
49.80000000000044 0.0
49.82000000000042 0.2
49.82000000000044 0.2
49.833333333333165 0.0
49.836666666667085 0.2
49.85333333333317 0.2
49.875 0.0
49.895 0.2
49.90000000000044 0.0
49.92000000000042 0.2
49.92000000000044 0.2
49.93666666666709 0.0
49.99999999999983 0.0
50.01999999999983 0.2
50.02000000000042 0.0
50.03666666666709 0.0
50.18666666666652 0.0
50.203333333333184 0.0
50.27 0.0
50.28666666666667 0.0
50.32000000000043 0.0
50.33666666666709 0.0
50.42000000000043 0.0
50.436666666667094 0.0
50.62000000000043 0.0
50.6366666666671 0.0
50.72000000000043 0.0
50.7366666666671 0.0
50.77 0.0
50.78666666666667 0.0
50.895 0.0
50.91166666666667 0.0
50.920000000000435 0.0
50.9366666666671 0.0
51.02000000000044 0.0
51.0366666666671 0.0
51.12000000000044 0.0
51.136666666667104 0.0
51.27 0.0
51.28666666666667 0.0
51.32000000000044 0.0
51.33666666666711 0.0
51.42000000000044 0.0
